Sex:F
Race:00013741
Slider0:0.100000
Slider1:0.000000
Slider2:-0.200000
Slider3:0.000000
Slider4:0.000000
Slider5:-0.100000
Slider6:-0.100000
Slider7:0.500000
Slider8:-0.300000
Slider9:-0.300000
Slider10:-0.800000
Slider11:1.000000
Slider12:-0.100000
Slider13:-0.100000
Slider14:0.500000
Slider15:0.200000
Slider16:-0.200000
Slider17:-0.500000
Slider18:340282346638528859811704183484516925440.000000
Preset0:14
Preset1:-1
Preset2:4
Preset3:23
HairColor:0600AA34
Weight:61.000000
Height:1.000000
Complexion:00051647
HeadPart:00051621
HeadPart:0005150F
HeadPart:000E4E51
HeadPart:000E4DA0
HeadPart:0005110E
HeadPart:0007291A
TintMask0:006F7791:1.000000
TintMask1:00FFFFFF:0.000000
TintMask2:00FFFFFF:0.000000
TintMask3:00010443:0.690000
TintMask4:00010443:0.420000
TintMask5:00FFFFFF:0.000000
TintMask6:00010950:0.780000
TintMask7:00FFFFFF:0.000000
TintMask8:00FFFFFF:0.000000
TintMask9:00FFFFFF:0.000000
TintMask10:00FFFFFF:0.000000
TintMask11:00000000:0.000000
TintMask12:00000000:0.000000
TintMask13:00000000:0.000000
TintMask14:00000000:0.000000
TintMask15:00000000:0.000000
TintMask16:00000000:0.000000
TintMask17:00000000:0.000000
TintMask18:00000000:0.000000
TintMask19:00000000:0.000000
TintMask20:00000000:0.000000
TintMask21:00000000:0.000000
TintMask22:00000000:0.000000
TintMask23:00000000:0.000000
TintMask24:00000000:0.000000
TintMask25:00000000:0.000000
TintMask26:FFFFFFFF:0.000000
TintMask27:FFFFFFFF:0.000000
TintMask28:FFFFFFFF:0.000000
TintMask29:FFFFFFFF:0.000000
TintMask30:FFFFFFFF:0.000000
TintMask31:00FFFFFF:0.000000
TintMask32:00000000:0.000000
TintMask33:00000000:0.000000
TintMask34:00000000:0.000000
